0.0
0.0
0.0
0.0
0.0
6.275254192171748E7
1.8819484183126375E8
6.275254192171748E7
1.2550508384343496E8
2.821980868460626E8
2.508218158852039E8
4.878939502487909E8
5.1488476342752665E8
6.976739085509765E8
4.201908951399525E8
6.394449490659373E8
9.114343682617036E8
7.556140619401281E8
4.837219578418893E8
5.41237377918284E9
0.0
0.0
0.0
0.0
0.0
0.0
0.0
0.0
0.0
0.0
0.0
0.0
0.0
0.0
0.0
0.0
0.0
0.0
0.0
0.0
0.0
0.0
0.0
0.0
0.0
0.0
0.0
0.0
0.0
0.0
0.0
0.0
0.0
0.0
0.0
0.0
0.0
0.0
0.0
0.0
0.0
0.0
0.0
0.0
0.0
0.0
0.0
0.0
