 5.0 2943.301452245082
 10.0 9533.22576489104
 15.0 18130.622855165322
 20.0 28668.226768857687
 25.0 40648.26944481239
 30.0 53124.986813055824
 35.0 65042.850076920775
 40.0 75886.88250004013
 45.0 85751.0662672009
 50.0 94752.53446050487
 55.00000000000001 102982.98745145136
 60.0 110285.74072761853
 65.0 116805.4992816678
 70.0 122855.29937400513
 75.0 128338.06886434974
 80.0 133428.6516958714
 85.0 138073.2826429788
 90.0 142501.52162996956
 95.0 146685.65413295358
 100.0 150606.09458787812

