 5.0 1073.7833029687783
 10.0 3138.4440261200084
 15.0 6424.3502359574395
 20.0 10175.31851649363
 25.0 14040.567612521982
 30.0 18111.940508872303
 35.0 22428.608333650056
 40.0 26909.756866249307
 45.0 31637.483847250325
 50.0 36461.046986334615
 55.00000000000001 41283.754445436025
 60.0 45958.95218304318
 65.0 50593.21989480227
 70.0 55125.37646193692
 75.0 59627.346540786406
 80.0 63954.56775201976
 85.0 68198.36016492169
 90.0 72326.92100679492
 95.0 76307.63936273611
 100.0 80125.39821971426

