 5.0 6073.473905197189
 10.0 18735.826291950143
 15.0 35366.53721266926
 20.0 53745.35480064846
 25.0 71531.18616048738
 30.0 87575.51860404518
 35.0 101425.69742037494
 40.0 113632.25760291041
 45.0 124287.94535424109
 50.0 133524.8206183925
 55.00000000000001 141695.94646385885
 60.0 148950.92427431486
 65.0 155538.85200033407
 70.0 161350.3927552144
 75.0 166618.86194762276
 80.0 171657.39091351884
 85.0 176344.80585977057
 90.0 180657.19528463387
 95.0 184799.82730844792
 100.0 188699.493754899

