1.0 70591.22311111112
2.0 71545.544
3.0 71859.68948148149
4.0 71793.92888888888
5.0 71984.08
6.0 72051.02903703703
7.0 72115.14844444445
8.0 72161.75244444444
9.0 72098.96296296296
10.0 72163.53511111111
11.0 72183.73866666667
12.0 72210.08251851852
13.0 72231.45928205128
14.0 72186.11555555556
15.0 72223.35348148148
16.0 72233.50477777778
17.0 72249.17301960784
18.0 72262.44009876544
19.0 72227.3983625731
20.0 72253.26266666666
21.0 72259.57274074074
22.0 72270.49511111111
23.0 72279.95099516909
24.0 72251.48
25.0 72271.20817777778
26.0 72275.61456410257
27.0 72283.92013168725
28.0 72291.208
29.0 72267.25762452107
30.0 72283.17185185185
31.0 72286.48160573476
32.0 72293.14983333333
33.0 72299.0537912458
34.0 72278.39477124183
35.0 72291.71733333333
36.0 72294.33002469136
37.0 72299.88502102102
38.0 72304.8349005848
39.0 72286.67623931624
40.0 72298.12644444444
41.0 72300.26419512196
42.0 72305.0165925926
43.0 72309.27156589147
44.0 72293.07555555555
45.0 72303.11130864198
46.0 72304.90832850241
47.0 72309.05634042554
48.0 72312.78392592592
49.0 72298.16888888889
50.0 72307.0992
