0.0
0.0
0.0
0.0
0.0
7.862479220953286E7
2.3579571250432688E8
7.862479220953286E7
1.572495844190657E8
3.5357557257008284E8
3.142631764653164E8
6.112989097151372E8
6.451166167395277E8
8.741393481440638E8
5.264714513067834E8
8.011823060883048E8
1.1419670920518143E9
9.467345352281733E8
6.06071678657285E8
6.781347029406965E9
0.0
0.0
0.0
0.0
0.0
0.0
0.0
0.0
0.0
0.0
0.0
0.0
0.0
0.0
0.0
0.0
0.0
0.0
0.0
0.0
0.0
0.0
0.0
0.0
0.0
0.0
0.0
0.0
0.0
0.0
0.0
0.0
0.0
0.0
0.0
0.0
0.0
0.0
0.0
0.0
0.0
0.0
0.0
0.0
0.0
0.0
0.0
0.0
