0.0
0.0
0.0
0.0
0.0
3.338558392697092E7
1.0012334949584328E8
3.338558392697092E7
6.677116785394184E7
1.5013492081616065E8
1.3344212885267517E8
2.595691572751286E8
2.739287996265091E8
3.711762123778679E8
2.2354980317042717E8
3.4019726309015495E8
4.849009723540139E8
4.020015111542613E8
2.5734957543225995E8
2.87948907750158E9
0.0
0.0
0.0
0.0
0.0
0.0
0.0
0.0
0.0
0.0
0.0
0.0
0.0
0.0
0.0
0.0
0.0
0.0
0.0
0.0
0.0
0.0
0.0
0.0
0.0
0.0
0.0
0.0
0.0
0.0
0.0
0.0
0.0
0.0
0.0
0.0
0.0
0.0
0.0
0.0
0.0
0.0
0.0
0.0
0.0
0.0
0.0
0.0
