1.0 45.56302500767288
2.0 45.56302500767288
3.0 45.56302500767288
4.0 45.56302500767288
5.0 45.56302500767288
6.0 45.56302500767288
7.0 45.56302500767288
8.0 45.56302500767288
9.0 45.56302500767288
10.0 45.56302500767288
11.0 45.56302500767288
12.0 45.56302500767288
13.0 45.56302500767288
14.0 45.56302500767288
15.0 45.56302500767288
16.0 45.56302500767288
17.0 45.56302500767288
18.0 45.56302500767288
19.0 45.56302500767288
20.0 45.56302500767288
21.0 45.56302500767288
22.0 45.56302500767288
23.0 45.56302500767288
24.0 45.56302500767288
25.0 45.56302500767288
26.0 45.56302500767288
27.0 45.56302500767288
28.0 45.56302500767288
29.0 45.56302500767288
30.0 45.56302500767288
31.0 45.56302500767288
32.0 45.56302500767288
33.0 45.56302500767288
34.0 45.56302500767288
35.0 45.56302500767288
36.0 45.56302500767288
37.0 45.56302500767288
38.0 45.56302500767288
39.0 45.56302500767288
40.0 45.56302500767288
41.0 45.56302500767288
42.0 45.56302500767288
43.0 45.56302500767288
44.0 45.56302500767288
45.0 45.56302500767288
46.0 45.56302500767288
47.0 45.56302500767288
48.0 45.56302500767288
49.0 45.56302500767288
50.0 45.56302500767288
