0.0
0.0
0.0
0.0
0.0
0.0
6361970.437273435
4.4977967216443196E7
3.800372177875331E7
4.4048240235874176E7
6.3007429372317895E7
6.234989645212409E7
6.5036923803476565E7
1.0477467045141354E8
7.196785094652241E7
1.6956914111322576E8
9.523494750405891E7
1.0093033343718307E8
1.612500889164374E8
2.4620663956820416E9
0.0
0.0
0.0
0.0
0.0
0.0
0.0
0.0
0.0
0.0
0.0
0.0
0.0
0.0
0.0
0.0
0.0
0.0
0.0
0.0
0.0
0.0
0.0
0.0
0.0
0.0
0.0
0.0
0.0
0.0
0.0
0.0
0.0
0.0
0.0
0.0
0.0
0.0
0.0
0.0
0.0
0.0
0.0
0.0
0.0
0.0
0.0
0.0
0.0
0.0
0.0
0.0
0.0
0.0
0.0
0.0
0.0
0.0
0.0
0.0
0.0
0.0
0.0
0.0
0.0
0.0
0.0
0.0
0.0
0.0
0.0
0.0
0.0
0.0
0.0
0.0
