0.0
0.0
0.0
0.0
0.0
0.0
1.3166279971673595E7
9.308319093388385E7
7.864979031859492E7
9.11590943282673E7
1.3039567907312062E8
1.2903489586873119E8
1.345957759055478E8
2.1683418033837324E8
1.489395280698101E8
3.509281925254884E8
1.970914505637753E8
2.0887821481890464E8
3.3371167581862617E8
5.095316898123118E9
0.0
0.0
0.0
0.0
0.0
0.0
0.0
0.0
0.0
0.0
0.0
0.0
0.0
0.0
0.0
0.0
0.0
0.0
0.0
0.0
0.0
0.0
0.0
0.0
0.0
0.0
0.0
0.0
0.0
0.0
0.0
0.0
0.0
0.0
0.0
0.0
0.0
0.0
0.0
0.0
0.0
0.0
0.0
0.0
0.0
0.0
0.0
0.0
0.0
0.0
0.0
0.0
0.0
0.0
0.0
0.0
0.0
0.0
0.0
0.0
0.0
0.0
0.0
0.0
0.0
0.0
0.0
0.0
0.0
0.0
0.0
0.0
0.0
0.0
0.0
0.0
