0.0
0.0
0.0
0.0
0.0
0.0
1.9138947629597414E7
1.3530885871424833E8
1.1432798187680243E8
1.3251192713992299E8
1.895475470881257E8
1.875694668300667E8
1.956529491825674E8
3.1519746129743695E8
2.1650351001481172E8
5.101210298538764E8
2.864987649280559E8
3.0363240208955216E8
4.8509452181017417E8
7.406724107279124E9
0.0
0.0
0.0
0.0
0.0
0.0
0.0
0.0
0.0
0.0
0.0
0.0
0.0
0.0
0.0
0.0
0.0
0.0
0.0
0.0
0.0
0.0
0.0
0.0
0.0
0.0
0.0
0.0
0.0
0.0
0.0
0.0
0.0
0.0
0.0
0.0
0.0
0.0
0.0
0.0
0.0
0.0
0.0
0.0
0.0
0.0
0.0
0.0
0.0
0.0
0.0
0.0
0.0
0.0
0.0
0.0
0.0
0.0
0.0
0.0
0.0
0.0
0.0
0.0
0.0
0.0
0.0
0.0
0.0
0.0
0.0
0.0
0.0
0.0
0.0
0.0
