 5.0 2035.5042200306564
 10.0 7935.132475371425
 15.0 14818.982862138862
 20.0 22428.259723286657
 25.0 30866.405261190415
 30.0 40048.67546569316
 35.0 49577.40098771124
 40.0 59163.266917475405
 45.0 68532.42396861078
 50.0 77557.31243996487
 55.00000000000001 86089.13909006907
 60.0 93959.90541561671
 65.0 101432.52701431242
 70.0 108349.1467752393
 75.0 114748.01676281745
 80.0 120606.35053602114
 85.0 126023.37528101398
 90.0 131025.87061207519
 95.0 135658.93403348798
 100.0 139971.05407761596

