 5.0 861.4478998080791
 10.0 4809.365189738623
 15.0 9096.416979553142
 20.0 13456.867096788585
 25.0 18172.67794173163
 30.0 23332.45993038784
 35.0 28869.81863445548
 40.0 34696.27040533385
 45.0 40673.29016134901
 50.0 46647.711185564294
 55.00000000000001 52497.614926344
 60.0 58153.08915990118
 65.0 63710.41373023617
 70.0 68975.31758938254
 75.0 74114.69002585435
 80.0 78927.63639478061
 85.0 83561.7456472836
 90.0 88029.50437274325
 95.0 92227.43867693271
 100.0 96290.46077048709

