1.0 38648.21333333333
2.0 38763.096296296295
3.0 38564.75812345679
4.0 38618.502222222225
5.0 38732.19674074074
6.0 38791.0907654321
7.0 38842.891851851855
8.0 38830.045333333335
9.0 38834.49099588477
10.0 38852.30885925926
11.0 38856.65928619529
12.0 38879.56385185185
13.0 38858.2327977208
14.0 38852.96533333333
15.0 38853.36525432099
16.0 38860.053555555554
17.0 38859.52341612201
18.0 38852.009547325106
19.0 38869.47249902534
20.0 38874.176237037034
21.0 38887.486814814816
22.0 38900.8117979798
23.0 38883.077513687604
24.0 38889.92972839506
25.0 38884.31762962963
26.0 38878.34493447294
27.0 38880.73762414266
28.0 38867.56622222222
29.0 38861.09515197956
30.0 38863.98202469136
31.0 38860.24204540024
32.0 38874.31488888889
33.0 38883.78943209877
34.0 38888.55874509804
35.0 38886.76242962963
36.0 38885.85820576132
37.0 38897.08002402402
38.0 38890.86449902534
39.0 38890.127802469135
40.0 38881.22767407407
41.0 38879.10006865402
42.0 38887.486814814816
43.0 38881.99601722653
44.0 38879.05966329966
45.0 38881.25408395062
46.0 38875.18899838969
47.0 38874.675215130024
48.0 38868.24061728395
49.0 38866.725417989415
50.0 38866.918802962966
