 5.0 136.68695430329797
 10.0 1873.9391625212168
 15.0 4378.831390941891
 20.0 6843.41158461325
 25.0 9108.396499313552
 30.0 11240.94116777377
 35.0 13343.44196127931
 40.0 15589.982218570727
 45.0 17929.506367335798
 50.0 20467.896882493915
 55.00000000000001 23111.567727398276
 60.0 25789.370696064438
 65.0 28501.68609070702
 70.0 31232.129224246306
 75.0 33872.88441883861
 80.0 36548.247114960985
 85.0 39080.584486536456
 90.0 41601.16418131005
 95.0 44086.05885161216
 100.0 46527.72583685289

